V_ee = [[3.60353329e-01,  0.00000000e+00,  0.00000000e+00,  0.00000000e+00,   1.41421356e-01, -8.48528137e-03, -1.13137085e-02, -1.41421356e-02],[    0.00000000e+00, -3.26799184e-03,  0.00000000e+00,  0.00000000e+00,   8.48528137e-03,  1.30107648e-03, -2.03646753e-03, -2.54558441e-03],[    0.00000000e+00,  0.00000000e+00, -3.26799184e-03,  0.00000000e+00,   1.13137085e-02, -2.03646753e-03,  1.13137085e-04, -3.39411255e-03],[    0.00000000e+00,  0.00000000e+00,  0.00000000e+00, -3.26799184e-03,   1.41421356e-02, -2.54558441e-03, -3.39411255e-03, -1.41421356e-03],[    1.41421356e-01,  8.48528137e-03,  1.13137085e-02,  1.41421356e-02,   3.60353329e-01,  0.00000000e+00,  0.00000000e+00,  0.00000000e+00],[   -8.48528137e-03,  1.30107648e-03, -2.03646753e-03, -2.54558441e-03,   0.00000000e+00, -3.26799184e-03,  0.00000000e+00,  0.00000000e+00],[   -1.13137085e-02, -2.03646753e-03,  1.13137085e-04, -3.39411255e-03,   0.00000000e+00,  0.00000000e+00, -3.26799184e-03,  0.00000000e+00],[   -1.41421356e-02, -2.54558441e-03, -3.39411255e-03, -1.41421356e-03,   0.00000000e+00,  0.00000000e+00,  0.00000000e+00, -3.26799184e-03]]

ham_mat = [[2.31745554e+00, -1.41367040e-01, -1.88489387e-01, -2.35611734e-01,    6.53808346e-04,  5.34076767e-04,  7.12102356e-04,  8.90127945e-04],[ -1.41367040e-01,    -3.24117641e+00,  0.00000000e+00,  0.00000000e+00, -5.34076767e-04,  2.92479412e-04,    2.17340049e-03,  2.71675062e-03],[  -1.88489387e-01,  0.00000000e+00, -3.24117641e+00,    0.00000000e+00,  -7.12102356e-04,  2.17340049e-03,  1.56029637e-03,  3.62233416e-03],[    -2.35611734e-01,  0.00000000e+00,  0.00000000e+00, -3.24117641e+00, -8.90127945e-04,    2.71675062e-03,  3.62233416e-03,  3.19034674e-03],[  6.53808346e-04, -5.34076767e-04,    -7.12102356e-04, -8.90127945e-04,  2.31745554e+00,  1.41367040e-01,  1.88489387e-01,    2.35611734e-01],[  5.34076767e-04,  2.92479412e-04,  2.17340049e-03,  2.71675062e-03,    1.41367040e-01, -3.24117641e+00,  0.00000000e+00,  0.00000000e+00],[  7.12102356e-04,    2.17340049e-03,  1.56029637e-03,  3.62233416e-03,  1.88489387e-01,  0.00000000e+00,    -3.24117641e+00,  0.00000000e+00],[  8.90127945e-04,  2.71675062e-03,  3.62233416e-03,    3.19034674e-03,  2.35611734e-01,  0.00000000e+00,  0.00000000e+00, -3.24117641e+00]]

dens_mat = [[0., 0., 0., 0., 0., 0., 0., 0.], [0., 1., 0., 0., 0., 0., 0., 0.], [0., 0., 1., 0., 0., 0., 0., 0.], [0., 0., 0., 1., 0., 0., 0., 0.], [0., 0., 0., 0., 0., 0., 0., 0.], [0., 0., 0., 0., 0., 1., 0., 0.], [0., 0., 0., 0., 0., 0., 1., 0.], [0., 0., 0., 0., 0., 0., 0., 1.]]

orbitals_per_atom = 4
dipole = 2.781629275106456
import hartree_fock
import numpy as np
fock_mat = hartree_fock.calculate_fock_matrix(ham_mat, V_ee, dens_mat, orbitals_per_atom, dipole)
